6640
403
4063
2063
8621
8958
3442
4313
4024
5821
455
7438
9070
6168
3817
5883
6153
1223
9849
3967
3591
2695
9044
2619
2311
9509
5471
4363
8128
5784
5419
9331
3151
5268
8210
3376
8360
4125
7855
4920
6795
9879
9020
3431
1706
9043
7002
5008
9725
7649
8484
8247
7052
9416
7145
1879
6953
9167
1336
4332
6858
3743
8842
3536
2181
6655
4860
8915
8398
4325
1108
8154
8975
4406
7988
9233
8973
6524
8424
8663
4728
2434
276
5475
1366
7409
2211
8580
2072
2576
6679
9711
6281
4961
3270
7463
8816
916
9449
9041
1160
8695
543
306
1323
460
190
9090
3664
9530
8628
856
2121
4810
7189
8241
7272
2563
1858
9192
5121
645
8970
9478
3066
4335
2173
8689
8254
6824
9145
1615
365
4778
5702
266
8267
1607
6083
7760
3197
7312
9583
9221
3061
3874
2305
1552
8089
8783
3394
1932
6030
4109
764
8208
6263
6309
4550
3572
9923
7010
854
8386
2240
9992
3889
3465
1346
3196
1859
6254
8501
7802
6850
548
2061
7489
1006
5376
9296
8948
7840
3624
9219
6478
4116
5720
1062
9907
3484
4340
950
6784
8661
5045
1825
2945
7025
1138
5641
1172
8535
1456
6430
649
5915
9171
4932
9660
9469
5037
5620
203
8140
2051
7288
2630
1981
8106
6413
8082
2384
5183
9293
6061
4076
4776
1419
5119
6345
2986
9872
9274
8430
9032
5664
6733
669
2368
6924
8617
5061
5610
2943
1261
4541
9968
6973
4515
9700
7108
2609
7249
606
9691
1504
1356
1890
7671
6416
9030
6412
5920
1807
7419
5487
7966
9253
3943
1625
6985
848
1276
7769
5331
282
914
109
8648
9267
2708
4248
8125
4915
746
7601
4868
6683
2097
8256
9453
803
4592
5866
1776
5842
8168
1484
4151
1180
9102
9657
1042
347
3438
873
2836
7225
8584
3398
7395
429
8233
4144
2262
6354
2720
313
9741
2654
6937
6091
355
3280
9313
5575
567
9051
8056
4762
1771
7057
9995
5062
4613
488
9589
7467
2673
9989
472
5733
9761
2910
1173
9952
1370
3989
9298
3973
3449
912
3271
4885
151
3578
8774
4893
7860
4508
8209
5653
3211
8740
9683
235
4295
1969
3043
5393
7800
4671
2031
9738
4663
2615
5712
6082
6300
8572
6019
9156
4012
605
3580
7783
6967
2076
7058
4567
3945
6312
2087
5999
8638
3138
2267
1918
6348
4033
3342
3954
9681
3513
806
3311
3072
4464
8791
8200
9419
2260
6230
631
9939
1767
9118
9248
2992
9175
1762
6321
892
5897
9712
3632
1939
3998
4498
8271
4499
1738
1921
3460
9279
1258
4527
7277
3762
1872
5409
9491
985
4738
3082
3303
5003
5126
7231
909
4714
6803
3759
918
124
1448
6717
7439
2919
8547
5912
2041
2019
9076
2169
1353
2660
983
800
978
6558
3720
5138
5153
8480
3594
5
346
1460
1922
4835
2251
9546
7498
3542
6659
4743
1723
56
3127
1181
466
9800
1549
1102
3260
3566
3410
1925
5676
9883
8591
4174
3654
3437
4916
7282
2420
3306
1530
4548
5665
6147
9973
4830
6887
7701
240
7761
9367
3541
1865
2340
5444
4487
4436
4905
464
8438
5968
8336
1236
5125
2321
7922
1977
5140
7408
9089
4322
6715
2475
4110
9859
6468
9196
1651
4067
9226
1886
2295
7568
7854
4357
3561
410
3592
6610
432
4912
2889
7541
8798
9993
5314
1652
1609
4153
9833
3167
9144
7139
3595
9955
6026
7456
8671
2569
5839
6209
9378
9092
8207
661
5048
3471
3731
9131
7563
5410
7770
5269
3995
844
6994
2102
1540
304
4483
7465
7188
7851
6597
8941
5457
9360
5550
8072
2566
7302
3582
4804
8520
2613
4239
6016
520
666
6939
3251
9920
1103
678
7246
6419
6216
2931
9596
6397
81
6870
4245
2142
2998
6785
3005
7109
6820
4673
1507
1166
2335
1791
2684
6201
2826
6491
4525
5822
9259
8197
149
1207
7004
2342
4907
9330
6697
6470
3662
2596
8687
1224
2900
312
6163
1968
4182
8806
2461
7251
6802
5731
7053
8028
3882
4450
1007
5590
2130
1929
3227
646
9083
3359
9190
9484
5461
4379
4173
4924
9066
1543
8113
3922
5330
4792
3488
4339
864
1690
9532
4573
3581
7341
2748
5889
3682
3809
2304
3787
1264
17
4100
4210
701
5411
8126
3714
2043
708
501
9515
3469
639
4981
4480
1680
6618
568
7157
1287
9097
4244
490
9477
7353
4056
619
5953
1720
659
7495
8575
843
7106
1255
6407
9529
8498
5792
7639
9276
7867
8730
72
6079
3925
8715
1205
7403
1814
7742
4236
6899
8921
471
9029
3210
5323
4122
3620
6000
2573
3871
6781
672
7913
825
2580
2432
4016
4141
63
7990
3643
6661
622
3333
5426
929
374
2218
8703
9299
3195
8145
6783
3052
2904
6137
2353
1542
8252
40
5300
8971
6830
7836
899
2527
4441
2593
9179
8040
2738
753
5132
9633
3206
3694
4506
3851
8846
6365
8773
2108
1201
4311
1935
189
611
3229
5616
2000
8007
7750
5555
5105
8409
5797
6142
8676
8227
9721
8192
2617
931
2864
5207
5662
3564
177
7735
9615
5758
7431
658
6276
8329
9982
1100
8235
4767
9953
4038
1390
7962
6453
641
4479
3391
5923
3976
3233
7017
4291
1514
9349
8057
7829
7429
1406
6377
2868
1461
2501
4945
9110
4013
7313
6323
5351
2905
4921
2322
5074
7967
6941
2771
4178
8805
7026
2840
4980
8474
489
7716
4290
4172
2652
3012
6714
5762
9341
1979
7942
2144
2972
9836
6241
422
3814
852
6666
3006
3674
477
744
5184
8272
816
9839
7933
6215
1782
1458
8136
5486
8301
8471
2522
192
4838
7838
4881
5303
4603
5292
1437
9073
4772
7513
6361
584
1702
4734
3313
7586
3512
5681
9290
5164
3456
6240
8275
5463
7104
3182
1309
4651
7180
6957
6952
5006
5333
8541
6537
8837
9760
8636
7789
5587
3286
3259
5432
6212
7008
8672
6758
5010
9643
7462
6796
4149
2250
3840
9881
4208
7358
5776
3586
8752
6176
334
4724
1111
3615
8659
5149
2612
7427
181
3873
923
2110
4781
4462
402
9064
2328
791
8828
5187
1700
691
1371
7342
6685
8381
5258
5794
3532
654
4873
2951
770
419
3468
7869
2364
3693
9783
7442
4043
1493
1764
4903
5352
4486
8347
3798
5806
896
6301
4389
1809
5155
6474
2741
7300
5102
8893
8934
5017
1903
6544
7133
9058
1823
7672
3179
1038
2091
925
3517
9763
2290
1268
6625
2784
8559
2197
2065
6287
3132
6125
7559
872
2398
1591
6151
5283
2778
9275
5041
3783
8642
362
5937
4093
6993
636
3837
7674
5724
9853
4404
5787
1158
2428
758
5454
6210
6267
8362
5230
5174
1307
5757
9094
3887
5297
8296
5537
8739
8608
7120
1285
5600
252
9825
6617
4589
5515
5210
1912
8723
9197
8565
5098
5739
6258
8160
6065
7329
9949
9269
9062
4209
9116
4427
5752
6654
5271
9877
1391
858
3421
3028
4488
8258
6526
1619
2039
9162
9797
2530
595
6815
2157
689
6674
7380
5190
310
2787
9599
9394
8969
8592
1881
3116
5279
2346
2553
5740
5602
5805
90
6054
6633
1442
1028
1553
4346
4964
7396
4688
1212
5272
8491
8418
3297
1985
9437
9791
861
4355
1203
7736
5835
8594
9357
4160
315
735
4662
6059
224
762
6060
9703
5452
5398
5877
6448
7452
673
7146
2034
5261
1570
6503
5170
6570
5535
1414
557
4584
2416
2289
6708
1567
6888
1761
855
2054
9027
5761
4275
9933
4627
2672
9687
2746
9040
8316
2160
786
5214
6875
5407
8221
6086
4030
8540
4774
703
926
1898
7077
8300
85
8042
775
3897
6031
8351
683
1863
3447
3287
2167
2411
7591
5811
1577
7117
3033
6405
3961
5209
4257
8201
4448
6978
3174
6011
9956
6639
2265
6710
9495
4179
6628
7038
6554
4934
729
6236
2425
4889
5363
5402
8006
719
6343
4469
3183
693
4058
9527
1140
9902
6098
948
1400
6435
6270
4407
8843
863
5694
2697
5266
4297
5347
9814
6489
6181
162
3288
5939
939
7608
7515
3272
5346
692
8186
3638
5711
5476
6136
9811
9388
3548
4018
1796
8964
8414
3879
8560
6552
4521
6712
8946
3686
9126
5236
6088
4154
8962
7865
1501
6504
2711
5447
4537
9114
1754
4263
6900
4323
5551
9636
536
6494
7907
8923
5362
8847
24
9965
4271
9204
142
1435
4006
5706
6589
6719
1719
1000
8322
9249
8338
1911
8146
2586
6980
126
6538
169
2379
1884
499
8464
8337
1876
9980
4411
2950
1409
8878
9885
3657
1905
2339
9976
2559
1760
7999
2053
5472
3797
3369
8696
3338
2081
895
3486
9147
5364
1164
7032
8652
4050
7223
6749
3215
5644
6551
2709
5876
7779
2805
3907
5830
6972
7229
6648
1815
6472
125
7545
3386
3040
1142
5387
6881
3119
6819
4518
3190
4578
2348
7096
2851
4137
4973
9080
1733
1945
7644
46
3239
2758
6460
76
1566
3505
6723
9381
1162
3722
769
1736
3974
620
4443
7578
98
795
6672
3249
3404
2875
2092
7088
9697
2689
7910
5106
2594
6612
3833
7301
904
107
9612
1724
4409
8049
5997
722
5525
3618
9510
1135
4198
6271
2624
1397
9057
5613
4822
8369
4101
272
7943
2254
6490
2755
7924
542
6014
1834
6357
3453
3850
6020
3626
8873
7348
2818
1304
2249
6637
7676
1216
3573
6178
218
7433
5318
4431
4299
5759
5093
1375
9874
7630
6162
5507
1472
5136
5117
4740
1739
7801
2531
5975
9544
7086
2152
9322
8070
5727
6694
5635
9297
5564
7127
9581
1425
7813
8288
4104
1347
6990
7556
8517
2544
7843
4140
7071
8037
9620
3078
5180
9482
4439
7964
411
4553
9565
9078
8218
4287
4994
7134
8261
765
3073
2644
3108
8124
8634
4702
6190
4987
7007
9818
39
1831
6372
6920
4992
9441
7815
6369
7328
4330
4972
4957
8599
751
1405
6873
3866
7068
3511
9882
8747
3087
246
9729
9099
9405
4637
2985
9497
1030
8961
608
1658
4773
8856
7241
2918
7901
2378
5911
9913
1054
2226
2538
2480
1
8190
1582
7682
6521
3320
4415
5619
5267
1369
7441
5491
704
6970
9028
3514
8793
7222
1779
6161
6931
4456
2671
4194
5847
380
6979
8067
833
4217
2115
1659
2804
6643
6280
8725
5748
788
3149
9380
3315
119
4754
7544
2075
468
5732
5490
3153
176
5326
2382
5663
7477
9093
6523
1481
1229
5672
4836
9821
9119
6913
9183
4597
8494
4680
993
3021
7686
9263
9146
1691
5222
4587
9873
5858
3346
996
4672
6510
9868
4551
114
2486
2798
4775
5581
1564
6008
1411
6657
5263
8108
7200
9431
9670
8392
8823
2728
9854
8727
9302
7935
5921
8938
6800
8019
2989
4362
8673
5275
9727
5827
186
3645
3823
7842
5538
2413
314
5405
2202
3309
5256
881
6131
8807
5728
8422
2861
2996
9311
6487
9035
7366
2881
7689
4628
9234
1909
6947
1161
5433
7055
1339
6469
2093
9626
5536
6669
9235
8802
9371
1687
5386
3808
4669
4425
9037
4089
8867
9630
6167
1954
5052
2551
1672
6268
9678
3405
6534
4770
308
1280
1544
6352
9891
8304
42
1247
705
2632
6458
2848
5078
1612
7828
3457
6843
6782
1506
9397
234
5528
1009
9017
9785
2380
5976
6703
4892
8061
6543
4847
3892
8998
9569
3036
5359
5451
9718
585
4414
5973
4659
5118
5218
6374
9286
1010
1125
7619
2145
7110
3926
9208
2270
7772
1155
9471
9348
7930
7585
6964
3440
2643
6273
5054
3734
7213
6228
8728
8733
3247
9240
368
8000
5710
1857
2927
4710
4466
1383
3640
1443
9013
3985
4107
5772
9662
3630
6034
995
4471
6950
6831
4433
1219
7411
6375
6429
3088
9587
387
9542
6221
1238
5825
9958
6075
5917
4094
573
4011
4124
1518
9345
518
9400
2641
2359
4581
5365
1061
8732
9072
1373
8503
302
5493
5064
8502
2485
3109
3129
5595
1151
5924
7015
1274
2922
9668
3521
3426
2333
921
8551
4842
9517
4258
8130
3715
263
1426
9904
4802
4574
555
1127
3557
6103
607
771
6244
140
3214
247
9468
6699
799
9557
6160
6700
1131
522
7650
6074
1046
4015
4451
2503
1970
7090
8523
2007
4126
6935
700
3345
3407
1433
3951
8104
7718
7531
2853
2426
7615
4998
2933
4478
2557
6498
7805
3724
1332
5022
3222
5634
7539
2190
4031
9688
2524
2719
3864
4490
8587
1788
7804
1930
1811
5001
3579
6217
1455
724
9245
838
3901
7081
4875
7035
7331
3820
4503
2003
8667
8930
8614
3535
2047
5057
8022
1452
9047
3009
8340
5043
2912
8473
8472
969
5545
4391
7899
570
4753
2096
8110
2806
1446
8454
6615
4473
4941
1850
9389
9894
5020
6876
4914
6438
2471
9824
4333
6528
7073
1568
6479
2657
1260
5578
2104
9461
5309
9792
1130
3519
1992
1393
635
1947
9077
7027
3323
168
6302
2393
2519
9450
6183
6713
2723
4318
2649
9420
1218
9198
3299
7771
1627
8985
8376
1186
2307
292
5686
9180
2410
7572
9974
7885
4
6433
6765
2319
4419
2592
2146
2415
6197
9847
554
3749
8717
7238
4620
3074
6463
2924
7473
1286
7292
7527
7579
964
6627
7149
8188
3501
1717
9492
1755
1355
8866
3123
725
1895
3095
5715
679
1485
7476
8488
4086
9385
3508
7934
3861
9002
4721
3115
4708
3955
5481
5399
5199
5416
3807
6997
9978
2029
8206
7825
9257
9862
5440
8527
7728
19
6983
2954
1322
2035
8064
8899
4821
2468
5928
5265
2858
3339
7762
7784
9362
139
8764
3188
1575
1926
5137
4811
2389
776
9307
4761
7351
1917
6595
2074
229
5951
1696
2150
7919
497
4205
8114
4064
2120
5420
3816
8777
8033
9768
1109
4250
7276
2707
4337
9347
1923
4856
206
6260
270
9071
170
5893
9876
3476
4138
370
4572
1522
9149
6594
1597
8848
9671
682
9846
9342
6376
8550
4432
1595
7858
6373
6696
2813
7050
4279
8646
1616
213
2899
5304
7363
4832
9665
7012
5764
8054
8852
2769
941
915
4081
8701
9319
251
6316
2631
5027
2555
6100
8779
5343
4623
453
5995
2427
5179
8065
4370
2508
3133
6771
248
9685
5133
2437
1525
5875
1450
6383
7611
6741
7652
2243
5483
1713
3479
6314
384
6480
8401
787
2712
3120
4751
7430
281
2691
9638
4925
5559
6363
8640
3035
8756
2925
1694
3459
4570
8257
561
7020
8331
5987
6848
8851
777
5320
8044
5160
3934
8134
6798
8542
2184
3294
3004
3547
5430
5059
4640
8162
6805
7584
2237
3301
6677
2220
9563
1596
8365
9986
4511
7393
2118
4519
5530
1462
7841
3240
9819
4286
7827
7641
2598
9624
6613
3652
7571
1378
4252
5977
7738
5286
8399
4696
755
7690
1005
452
4243
8925
8536
5033
539
6572
1422
3740
1821
3646
9622
2223
4133
1972
2027
7564
3673
8116
2515
8355
3872
3539
2343
475
3372
2258
8345
8956
5050
6883
3464
7325
2744
3737
1913
8775
6506
7275
1445
3399
8545
4495
538
1844
5962
5544
2704
4742
2077
2554
3451
2106
815
8045
484
2216
1018
8060
5373
4224
2874
4264
209
7878
3181
394
3847
5238
4666
491
1094
3598
1623
8433
7484
3300
8982
6608
5960
1737
3096
8352
3589
6346
1600
675
487
9011
1561
4176
6411
8942
5668
1004
7758
4665
6073
660
2754
8932
3380
3235
1002
9656
2143
6559
6006
1639
7397
4118
5139
3672
9816
586
592
6124
2767
6866
2156
5950
59
1215
4131
4703
4152
4687
6614
3642
7100
2774
128
9414
2674
7045
1200
6401
1325
4646
1994
9365
494
819
8349
2183
2032
9576
4234
5661
5049
8142
9590
443
5191
7156
1873
6604
8001
1089
7537
2242
6320
3802
9640
9856
8700
8374
8163
207
5903
1421
8660
1214
2591
9141
2154
6085
8259
5508
6289
1861
6434
217
5469
9652
5254
5691
5358
3497
9154
158
6638
2128
8481
3774
2457
9922
1725
7877
7290
1330
7848
3402
3070
2997
4653
5913
2388
3209
3046
3602
1624
2391
4639
6515
4946
9285
300
2474
4522
5011
5079
8521
1297
8447
8562
2024
8972
4341
2690
6769
9645
4901
1015
9216
8771
9272
3883
2795
6340
6113
7525
8573
1272
9870
3933
9679
4079
9507
9649
3230
9627
88
9545
1165
4852
6951
3948
5080
8870
5892
7507
3862
7534
8179
8670
8664
174
7475
3475
6090
8947
9150
6293
8122
3679
5321
6326
3777
7663
9930
5791
4292
4189
3296
1491
6154
1993
3367
3225
6105
212
4334
808
3977
6593
1502
2374
9105
887
1003
2884
3093
818
1115
798
3068
610
96
4545
7461
7521
5716
2581
3688
9459
2570
3738
6864
9948
9706
8217
351
1520
8270
583
9164
1412
1110
723
7247
7355
9562
2781
9575
9572
5986
172
3920
5836
9625
2839
514
5367
5880
122
3126
4041
3568
3343
1338
4070
1310
9692
9067
5299
1751
3037
3606
5012
4899
696
7822
5935
9531
7455
4037
8406
6362
7691
8817
8367
5162
9896
9452
3487
3935
4265
9088
7839
73
5141
793
105
7929
8119
7324
7153
8359
7683
504
4251
345
2080
4619
6330
9087
5298
3427
2973
9143
500
8240
2109
8890
2492
1904
1387
3278
8976
957
1893
7202
6545
828
4709
6328
4108
3365
3644
9513
8096
1053
6621
5208
1329
3704
7798
1281
340
7908
5068
6166
7107
427
2542
3105
1240
8293
5492
3773
6826
7094
3791
8436
3058
6007
2857
8075
165
187
7168
8954
4161
6514
4538
7072
7310
9271
6701
4036
1025
5414
6518
4078
1217
4939
943
4690
2625
4371
8525
5705
7036
2042
4420
9268
8863
5239
7796
7392
2822
6253
5248
1364
8193
4722
9218
2010
4996
5288
5369
5549
4598
7318
7401
4558
3605
3467
6120
575
5816
1122
709
2648
7216
3990
4547
8303
8251
3996
5380
6064
373
4785
919
956
436
8788
6868
5307
226
6071
7340
7217
7368
3667
1663
7637
4784
7799
8678
6341
7954
2620
7357
2495
6476
9863
5450
3717
5229
6455
8287
6547
3458
1971
2974
1429
4319
6928
2148
6735
2505
9363
955
9212
4869
824
846
9815
7849
3349
1434
3912
5311
1288
80
5790
8073
6414
2706
8530
4600
7236
7074
3860
6527
7593
15
2768
141
10
6602
6057
4618
5577
8219
2870
185
6736
8611
6203
5390
7333
836
7526
6392
3224
6549
6753
9488
1915
778
9256
4373
8563
5325
4520
7927
2605
1250
3020
2562
4896
8746
8112
1357
8189
199
5978
9528
6789
3462
5144
9222
1962
5546
1867
6250
7177
8951
3157
4654
8543
1670
7046
5682
67
8435
5181
49
3319
259
7468
9137
4670
5453
6704
3565
3765
1729
2196
2099
6242
8282
8333
3264
4212
699
8479
7518
4824
5234
7268
1965
4970
7119
1828
2890
6123
1283
7362
377
8822
3742
1889
8655
7670
5249
9716
9998
1085
6938
3877
2976
333
7871
1664
1096
4968
8062
849
4882
5276
3560
1698
6531
1510
7295
9390
9866
4500
5281
6089
5778
1508
7190
1587
9827
1055
7830
1770
7186
9747
1695
5479
1016
1379
8459
5834
7183
1841
5831
5657
3876
4328
2841
9451
1316
6187
6893
1234
4828
7660
5965
4863
5090
8408
6779
9128
5688
8833
2730
8603
9273
7044
129
4813
1273
3324
665
6002
2424
4422
6145
9580
8825
6284
5473
8515
1067
2733
4474
9160
5927
653
4020
9637
7859
5781
3000
2564
9519
627
450
9246
2782
3332
3340
6310
630
4758
927
9402
7490
3381
9304
6042
9781
9790
5374
1438
3631
7000
2134
4186
5004
9324
8905
9938
7114
954
1880
2965
6465
7199
3017
9512
5645
9888
4631
8294
5844
8639
9467
4440
4913
7627
6586
6192
5235
6540
1533
687
5163
6619
4747
4183
6180
6711
1907
8558
5213
6322
4269
5484
9430
8675
3748
1196
5949
5474
478
4798
5206
1997
6464
9893
9798
4648
3562
407
8325
1712
254
3261
1874
1818
7717
5654
5692
204
6351
8299
1226
3611
7868
779
8641
2408
3790
8835
6561
4908
4092
9169
9740
9666
1756
4123
8
7879
2316
617
9799
9558
9994
6122
545
9767
5639
8803
1843
5465
728
3856
3538
510
1396
1360
8366
9091
9757
796
8589
6200
5808
8612
6370
2018
8382
8249
7367
4336
6344
3104
913
8785
4622
2206
6582
2178
5000
7354
7415
5819
1774
578
3025
7410
3641
2497
7211
1361
857
9023
8699
5112
7291
7898
9403
9916
13
4789
7609
1847
9187
33
9613
8284
8269
1988
7197
4003
5355
8196
5708
4601
1185
208
1975
8682
826
1087
5833
7958
2779
7138
5936
2930
4366
1384
7791
9277
2891
7285
2718
8904
7886
1769
9988
2113
8736
6773
4412
7821
157
7143
2221
8897
7182
3760
6607
3726
3994
814
123
2949
8914
4255
6127
3509
6425
3091
9152
3651
4543
9068
321
9900
2180
4001
1121
8510
9555
9892
7561
2288
7536
5723
1613
9305
6441
7833
3019
6689
9464
6403
6986
4461
6382
9960
8761
3750
6857
9787
1300
2582
4850
5168
3983
5109
9754
8090
1163
8940
7350
161
6680
7580
9413
7850
9927
6905
3401
1188
891
6484
9539
888
1183
1604
9745
3965
5850
3322
2662
1632
7577
3680
363
7936
7129
9593
5435
8086
3956
51
23
6355
6324
2964
182
7713
7082
2761
2449
9594
2466
111
4358
7535
4273
3241
9295
1402
7359
3979
2701
9538
4004
4997
4694
7546
7723
6573
9698
5038
6892
8354
7293
8711
7538
9109
8593
7273
6786
8361
8778
5348
7645
8118
7243
2356
2407
8161
37
360
2225
9672
9537
4168
1806
9831
734
6576
3841
1618
5167
1650
8630
3770
4661
8204
8625
8765
8760
9858
7872
6966
2846
4039
9669
5576
5840
3504
7923
1585
3832
6493
3090
3653
2387
1855
2865
3800
493
8529
4180
5771
768
4935
6067
4857
859
8757
3587
2174
2716
7174
1860
1822
8719
6896
4386
6342
6099
7696
1407
9312
4171
7184
2915
8908
3273
4887
6350
546
6752
3422
4686
4989
322
9977
566
1337
4492
2703
3703
7814
2742
1392
3681
3455
9016
3327
7698
3978
4203
6418
6642
6288
4096
1524
7504
1134
3223
1386
2962
2281
7624
6709
2800
426
6452
3650
4820
1636
2195
2877
1657
11
6364
6917
7220
3265
6272
6004
6233
1984
3957
5964
4010
7451
2213
7711
262
8748
7228
1854
3358
3670
474
4022
5671
529
2547
4911
2732
3708
1494
7191
8429
6692
2409
2844
221
1118
7332
1292
8231
2309
5244
9166
587
3775
3244
589
2502
1289
5035
7142
4632
5851
8716
4367
1305
3622
4807
572
2736
6251
2993
7893
2622
2302
7103
5442
256
5779
444
6139
7314
5202
5458
2729
4843
6926
1800
2439
3544
8237
4049
2186
9796
7446
5316
8839
5751
4294
4029
4368
6454
1349
712
3500
3321
8105
5697
6529
2001
4539
4065
2493
3735
8731
9383
2088
4848
9559
6764
1684
8801
2105
2381
6932
7365
9466
9486
3341
2231
1358
9140
8724
9059
9689
9053
6603
4695
7051
1074
495
7482
8372
3895
9617
8604
6406
337
1551
4585
9654
5339
8029
7693
1802
6519
2217
99
4306
6943
9424
5700
9115
3430
7413
4891
7080
3274
1532
3414
9061
4034
60
935
745
9181
1505
498
8076
4679
1662
7909
5395
6839
2981
8427
2269
9526
4979
2878
7961
415
8265
9842
7635
5940
3395
7118
227
8935
6629
5357
2116
6424
7049
1451
3257
2158
483
6987
3344
5957
4278
2893
7266
5156
8396
5290
1928
2636
3368
331
5621
6854
8242
8460
3150
5765
4962
3633
3002
5916
8326
1792
9460
2301
5898
1790
1817
7794
8877
2928
5675
2463
1704
5744
8557
1457
7897
6832
4566
5026
6777
8308
6496
9737
36
2453
6976
6297
1783
458
1333
1427
3473
740
3084
7963
7947
1882
4455
6259
3282
150
8720
7250
4771
3089
2230
6446
2500
1546
9788
1747
445
7322
2233
8156
742
1432
7123
4660
2759
3745
2487
5146
1277
5608
383
3443
3304
1565
6063
7703
6622
5856
5743
3408
4405
2966
5177
5201
8151
6338
7161
519
8619
5192
1705
8477
3698
4988
2085
4904
4388
5305
7719
8055
8709
2062
7215
6722
7167
8718
421
6005
2244
4343
6186
2963
8511
1560
1944
4999
5196
4315
4707
5094
9155
4057
2885
4233
486
8117
1082
9598
3899
5072
7528
4272
9395
2863
1345
2212
2694
268
3285
597
7221
506
7474
442
9770
3668
2349
8085
5224
7091
1306
2967
1943
8912
4593
3428
8674
3360
5182
5627
4716
1689
417
3691
496
5197
6459
7281
3666
2227
867
4596
6844
5640
5069
2033
2745
1804
840
757
7820
7819
8327
330
135
9493
7339
2817
1381
7187
6451
8598
8708
9
7158
6156
9374
9500
2856
5981
4797
5122
8487
642
7863
7360
369
2772
4066
3173
5934
1348
1569
5881
633
8990
9364
1328
9887
8838
8691
8444
2228
8804
7079
5204
1124
344
8707
7688
9918
58
4088
8891
6114
7372
6339
1892
82
6974
3844
9962
4197
2747
1668
2783
7478
5260
8936
7166
3420
7286
143
7953
3533
7646
5556
7160
7089
3008
9191
3293
3065
8963
2675
3575
4579
4595
582
2259
3370
1132
8132
9025
3713
9214
8094
3980
5750
4231
3656
3991
6024
305
1741
6264
6925
5887
7067
7326
8585
3307
4929
7016
9022
3506
3099
6107
1515
9931
6257
2677
6579
1036
5194
7136
5789
2536
8744
4617
9677
7574
8212
7965
4314
8005
3097
3361
1331
503
7725
6840
5439
958
524
61
3902
1059
4267
9826
889
8344
9864
8313
4435
5829
4793
8475
7826
5143
5606
949
4544
8234
8770
3397
1710
789
8400
3357
4895
9434
5548
2038
4927
8266
688
6471
7063
3502
4000
289
4465
1235
197
721
1535
3492
6096
5200
7989
7201
3221
4331
953
2815
3958
5788
5647
3739
9379
1509
2521
1242
6202
6645
6400
7767
1341
9194
8441
5848
7496
9511
9997
651
9351
2484
694
7925
9317
9407
505
9203
2937
2760
1267
1674
2119
5291
6644
5009
2201
6214
5466
4718
2385
8315
1320
9936
3710
4048
3531
5522
3077
3080
9098
4090
7296
6027
9498
7085
5086
130
8228
3687
3705
5572
428
8135
3669
6548
6170
3305
375
6305
4833
2528
1545
3828
5285
9442
7185
6028
1675
5593
1052
8489
4491
9758
4098
8468
2361
671
7818
6245
7677
9463
8264
2155
9749
7707
7391
3663
3584
5488
5055
6155
5039
22
5087
4971
3200
1633
5088
6757
5099
9713
6029
3003
1820
8531
5431
609
1035
8450
1034
1901
6542
6396
3732
6948
4115
7685
5231
7230
7499
381
6062
2479
9031
1942
1699
670
1441
7257
4642
6428
4676
9570
1363
7540
7581
3812
5455
7039
3137
8583
4238
319
8784
9258
1536
7150
1137
8059
2291
8698
6393
9987
3757
5588
1640
6963
4965
2830
2430
6408
5120
2737
1878
5611
4113
3984
8281
2344
3692
245
3938
4559
6047
6174
290
784
5516
2897
1673
3706
2757
8505
2354
8137
3326
511
5477
5539
1593
5460
6199
4095
4805
7028
2618
9427
4458
3516
6371
5566
4266
5016
5212
8616
8384
3944
4071
1866
2421
4649
8955
3904
232
9232
4206
1187
1266
424
9604
2166
933
2855
8291
513
1578
1531
382
9370
8869
9991
6744
8952
9410
9289
6877
6598
1156
9730
8602
5306
3924
8138
5869
1589
9701
7382
1827
6731
4872
3083
8334
295
7665
9642
8944
6695
8794
298
1112
1430
1246
7764
8445
2980
8236
3785
7034
9756
1027
1467
9843
1243
754
2256
7237
5294
8159
5900
3202
7122
7021
9399
336
8907
5961
4795
6104
5649
4780
4309
4007
1555
8071
7900
7204
8862
3546
8581
4446
9039
6231
4296
1671
3590
2020
1231
8280
3894
7599
2883
2696
4378
1991
743
9659
5310
1666
431
4424
9421
5114
6794
9915
3163
2938
7766
5019
9417
3444
3567
5527
4569
6072
4293
2059
7469
2614
9935
5532
4668
9139
9211
332
8815
5993
6739
4985
166
7194
4192
3470
6077
8692
4817
3857
7148
2859
6871
7781
7727
6520
3354
1701
4423
559
1395
86
2394
5782
1938
89
2537
7087
1169
5107
6130
4074
5909
2734
1075
1070
7078
3600
230
441
4691
3690
656
1069
3143
350
8469
4120
3764
1693
7487
5165
8809
5685
8920
3053
8455
8499
4681
5228
1447
9501
4839
3649
2599
4765
3094
4075
7418
4556
5429
2283
395
4150
4393
516
1057
2082
2692
9600
7642
8203
885
3623
7414
5669
6747
44
5241
8989
8845
6068
9848
6255
6431
100
3900
38
1253
3166
6277
3279
6822
5931
9742
1541
2827
979
4032
6825
6942
4930
5863
3177
257
3576
5396
5803
7512
6036
8507
5998
9346
2693
7147
7306
6313
8176
2073
6246
2535
4170
4510
318
624
4442
4380
1842
4082
9639
716
1174
4214
9748
9635
3180
159
8343
274
3986
6325
5067
8185
5756
4274
6009
9172
5232
4213
1637
3044
1317
1683
7824
7710
876
8991
4130
9865
7658
5470
6996
5315
4534
1065
9193
9447
6119
5901
1900
4417
8407
1327
9318
6423
2008
8681
3159
5203
2299
4614
326
1503
9959
2089
4736
1377
9919
5902
2726
4187
6755
9658
643
1786
9950
2448
5023
4615
7280
5104
8417
4634
5623
356
5154
2293
5651
7634
2470
1114
9042
8939
2489
507
5774
9470
5075
2682
8157
2050
1803
7562
5500
5552
9765
7816
9063
7876
2803
4235
7422
2133
6386
195
3534
3483
2871
2999
9653
3634
2069
9206
1813
467
3909
2799
9010
9202
180
3291
2315
2282
6056
1019
3015
5394
2587
3741
5594
8729
18
8205
4402
8544
5582
9386
8668
2908
307
5274
7664
7065
5704
8819
5081
7614
6750
6923
9782
1964
8883
1678
2124
8751
7551
7219
6117
3001
2467
5350
8048
8014
2808
963
4444
5071
5176
618
8776
7042
7917
647
6763
4145
1241
2984
7640
3118
6729
7384
175
5864
5277
6863
2756
8092
4397
6010
6507
4320
8500
7733
8749
5906
3931
3988
1177
3806
3038
4437
988
9209
9344
8230
937
7529
447
9746
4452
4044
4854
3292
820
2159
4698
6204
7740
9663
9266
7941
4467
4418
2970
9262
8465
2443
2369
1149
3792
8452
677
5666
1233
2786
3242
8763
4158
9009
4310
5567
2894
7417
5630
6635
4298
7720
1711
6933
7588
5873
9432
2812
537
3114
138
8478
5278
9990
7420
6360
9932
6456
1454
3524
8722
2395
5958
2777
9440
8183
4880
6517
4139
6746
3843
8395
3736
3010
5925
3540
2627
7938
9914
9151
8896
6389
6691
5817
1708
323
2100
202
68
3007
7757
3793
7448
2111
1032
997
5543
6366
3433
5741
810
9265
9465
2994
1521
8977
6294
3510
4507
1824
3975
973
8099
7304
7700
5129
6793
4763
9585
9573
1362
1557
841
7480
760
9890
1410
2153
2324
558
7210
2866
9490
652
6588
6616
9928
7378
5736
612
6911
7130
7993
7806
8950
8448
196
8651
4713
7606
1728
2141
6774
1014
698
5382
8305
4834
400
6223
7554
7918
4983
6564
2816
5988
3113
7193
8586
1394
6304
2084
6894
508
4745
3583
9522
3529
2219
6194
1610
7680
521
2584
1117
4221
2921
7647
3201
2903
8025
3842
3032
3886
1259
8111
7501
2664
4586
9553
3913
5354
9972
9943
7070
8857
4385
7978
7386
7252
5721
8588
3612
113
1063
5216
4678
4361
1147
2653
5085
1139
9676
3392
932
8387
7583
3049
6611
3721
2247
6810
9327
5511
9591
9567
6886
2509
9769
7675
3334
4674
1093
6682
920
1846
2567
8074
1213
3450
5378
2603
4106
6962
9634
273
3939
4097
3050
3648
9707
3929
8967
6140
5809
6806
2125
4351
8363
9906
2336
4228
9823
3148
6562
3795
6816
7176
2445
3786
8153
6307
6206
4218
9199
7206
3347
7445
8253
357
9794
1176
9514
3878
3445
5603
5083
3885
8038
7481
6051
1012
5970
7443
7575
9425
866
8423
3880
5070
4580
1350
821
8620
7756
7785
5150
7269
5591
7444
8053
707
3528
7470
3523
43
4169
966
6601
6038
8959
1605
874
4883
7069
4073
3499
390
3555
7844
4975
9776
2273
6668
936
7388
9941
9475
3413
3997
6179
7404
1159
4719
4744
1679
7746
6690
9898
1403
3613
944
6308
4184
2578
3695
2958
6665
644
6862
4910
3481
378
6449
8892
1686
329
2351
780
2055
1179
553
8738
8027
1590
4303
7807
4823
4132
4227
9158
1721
7873
865
117
8310
9817
2789
2013
236
5517
14
2568
6702
9549
2788
5609
5938
2698
8081
4047
3382
3968
7712
9205
9435
1295
1265
249
2465
1837
6177
9661
4394
4561
4399
9504
2721
7916
5349
8273
911
6292
366
55
8311
6169
9339
1745
440
2585
8561
2064
8011
4605
9329
5678
8483
6836
8606
6013
1017
5044
1635
563
9291
3284
2079
3625
3076
4919
3981
3819
2341
7234
6620
3213
2005
153
9019
275
8213
4191
1449
5015
3337
2791
5985
2982
9215
8439
9287
5854
6018
1444
5843
6311
2834
2735
736
5255
5597
5024
4794
7346
571
3238
1222
1079
492
9448
4790
8885
7267
4683
6041
5896
3659
7795
6404
8390
9568
604
7232
3160
7514
2139
772
8926
6048
4195
9871
6772
5793
5625
3269
2862
4324
2941
714
5980
8432
7788
1621
34
8184
6495
8404
6954
430
7421
3184
3075
1495
8373
5673
5941
3045
9963
8133
7617
3086
3472
3796
4923
8152
7349
454
3697
9693
2375
2987
288
3059
5860
1748
7435
1611
7737
1343
3298
4019
2172
1986
6198
8787
65
8238
5377
3350
1204
7628
5034
7569
5013
3896
7453
9300
9889
4200
2655
2284
4918
4129
6050
5726
976
7973
2026
4800
9054
2762
8706
4801
2837
8916
3778
133
7946
5971
5211
5047
7457
9123
1856
6807
5383
6359
1980
7744
7582
3085
6445
7095
7832
9981
3637
5780
1382
8957
9231
3849
9925
530
6707
2731
879
3107
6511
7956
1584
3779
8841
3194
2600
1780
4476
5441
4484
75
7651
3780
3549
2610
3782
5879
3317
5397
812
9375
425
9829
9675
2171
3982
1526
782
2193
3554
7940
7759
8457
8821
2095
6577
9173
2552
6226
6512
3884
7870
2086
2224
4164
9125
462
6778
4531
8150
3124
9722
1211
7084
3461
6992
5468
7558
8087
614
5569
6319
9605
7165
4338
7492
6112
3018
5123
6845
296
5521
6384
6583
2651
4607
5777
6732
5030
7374
7263
2646
7706
5735
8066
8415
4059
4159
6040
534
7668
9082
9021
1001
3258
3135
1104
4477
1088
4630
3403
2869
7653
5963
9694
972
7
3491
1852
3418
8889
1150
8577
8643
8881
1836
8786
547
2902
2423
726
5443
8482
4755
8169
3639
2268
9366
5046
3702
5922
7681
106
1123
3436
5166
6667
2809
5512
1086
4165
739
244
136
6185
8654
6080
433
9359
6988
4040
1041
5815
5799
2147
231
2198
5388
4827
7997
2663
5690
7412
5775
3949
7233
2595
6658
1897
299
8596
2103
7334
7751
1757
6461
3507
9228
2418
9726
7164
4926
8339
8644
1081
5763
1638
4167
517
5464
1043
8999
8416
4786
2149
9224
5284
6391
9398
5459
1718
4809
25
917
2417
8829
405
6852
5422
7344
5823
5401
6981
1775
1080
3752
8826
6944
1473
31
8737
7678
3198
717
556
328
5215
1735
6157
8853
2452
8984
4530
2939
3821
97
6756
7258
6961
8342
8031
804
1496
2366
7370
8568
6108
7633
3563
9603
4894
9832
7747
5418
4421
6587
2011
7208
3419
8615
805
2185
5755
6751
7466
7062
2048
2122
3170
3746
5996
1645
8285
5689
9911
5389
8553
9006
7428
6998
9805
8068
9508
2199
2303
2239
2278
3763
171
9340
7959
1534
5113
6927
2271
7494
4730
3971
2478
41
5223
4723
1614
5849
6023
8735
7315
9132
3526
4606
7655
2090
8782
6651
7945
1171
8512
8278
9579
3290
6809
2517
225
3051
1799
4085
7135
6235
7426
9458
5336
3709
8901
4993
5322
4382
747
3454
6395
2403
3175
749
8595
9802
2872
5643
4008
1351
5485
45
8677
731
2175
3712
8534
6111
9897
3219
9496
6867
6171
1302
5798
1312
870
7056
7323
2036
7730
7093
9586
3128
4175
7741
2947
7895
57
1026
6865
1571
7105
1785
9103
3870
1974
8653
1829
1512
7960
3559
1795
6422
4523
152
5554
6670
7287
9038
6835
3480
3027
388
8710
1781
1816
9592
7765
2814
459
7416
2665
8413
5445
2543
4645
5344
1654
9646
5719
3495
9428
4612
3063
3039
7890
3474
8485
4514
4757
6045
280
5005
2546
6003
6053
2811
8928
6801
4005
9536
4976
924
9533
8425
3960
6737
7424
5659
6387
1413
1056
6508
8965
1424
980
797
2705
7377
7620
8402
8519
4576
1588
5520
6791
3826
1731
8508
9314
132
7033
2194
3628
156
348
8274
9803
1474
4023
6652
961
8759
8194
2045
5116
9376
5195
9281
8880
1665
5467
4241
9422
690
5570
676
1554
3165
4215
2264
5855
8504
7097
7986
5332
5624
4788
5709
7866
6649
6262
6222
3801
523
967
9457
4502
2833
6565
8665
9584
713
7951
3914
5135
6609
2454
9623
2583
5872
8375
1946
551
8149
376
8755
1758
9310
8379
1497
4739
5412
164
942
9845
20
8370
2498
4866
5693
8129
3142
7862
982
7530
8894
6726
3199
9704
3616
4136
1113
2397
1301
6671
4428
7768
2685
6318
148
6035
7602
4014
7379
6332
446
7224
650
2441
7687
5894
1752
2151
8768
342
1293
8753
9241
9412
2917
9086
1875
4383
3446
5145
6891
8927
4704
5301
9857
3308
1716
7560
6919
5501
1029
6205
3963
2040
6940
623
8721
4583
5262
4936
3875
6728
5028
9439
6590
7557
5063
4219
3434
8555
3277
2510
839
1808
5089
560
2616
2607
8526
3134
2298
4602
8091
6882
1106
2107
7607
5754
4190
680
8624
1631
5633
3081
1252
2310
4146
4496
8202
1271
145
7338
1539
4284
1950
2462
6742
9632
5698
4715
1838
418
569
6195
4398
901
6224
8830
4643
338
4777
7260
3164
2932
3700
4027
9338
9485
3665
3432
7592
2037
5424
5586
2512
6585
6191
4853
7969
5131
3139
9619
4737
581
391
2205
4641
7399
6557
1492
3100
8440
7891
1538
7643
4119
8800
634
5417
603
4517
1090
7888
3041
3927
4657
802
4982
5499
9822
4900
6823
1248
8175
4950
7121
1961
3683
1469
5361
7995
8195
8239
5186
5221
9230
4061
201
482
1574
3574
2067
7623
9786
6960
8683
2579
50
9801
7031
8393
8745
6146
813
3831
3813
4400
7151
1335
5638
79
2312
8987
5514
7773
5531
2507
3424
1415
8046
6718
216
4984
1049
5178
404
7311
8743
6426
2357
4344
971
5699
2887
1008
9153
7140
3503
2518
8309
6878
9050
3387
9929
1047
8496
9686
6859
2835
2326
7240
3585
8405
5319
4877
8705
4966
3671
574
6571
7511
3379
2506
2483
4504
1367
413
8394
2132
412
2539
781
8035
6827
364
6560
9841
947
5568
8437
2236
3607
1404
2623
4472
5580
2829
9733
4874
8318
6440
7662
6687
6211
4831
7729
8797
2886
250
4815
4403
8187
5128
8979
8063
4621
5042
8993
7553
4766
1189
9680
878
8906
8107
2764
2766
715
3417
9325
183
1523
515
2241
5878
4806
8931
648
485
8886
2386
910
62
4283
2179
871
7618
8679
7178
9174
456
9096
9830
7181
6984
2114
2451
7192
8669
6898
8353
8024
3527
7550
1910
5814
6530
53
2023
9127
8010
7111
5579
4825
9238
5565
4818
8120
4463
1315
2725
3098
4756
7903
9024
807
6420
8618
255
594
3364
9899
1709
3207
449
5503
1225
2683
1914
5574
8978
6358
3898
8461
528
5884
4937
2658
8131
4453
5914
6353
5381
5804
5436
8537
178
4053
5642
7695
7882
2405
9838
9207
0
3614
7724
4749
5438
4240
5018
4077
3122
2948
267
3161
6132
4156
4375
8170
7666
1936
9905
8609
8248
6398
7376
7115
8597
6039
6144
6188
3384
3772
2360
9550
9060
2327
1389
6600
8996
5456
6533
5932
5092
5496
2209
7948
7449
7880
3191
3498
7024
2820
2257
3992
3102
9384
7778
6770
4876
5886
120
1244
5124
7565
7195
1488
8364
6466
9176
9664
2656
6467
6218
5612
6906
1916
4542
5919
9734
8115
4277
1116
3463
4374
7610
968
7006
8443
5526
6
5972
1598
6553
3220
4199
9884
2460
5246
4954
7921
6916
7797
6017
625
5101
9969
8792
6499
7305
8855
1933
6285
7793
7944
5293
5134
8712
5345
2534
1483
3658
6623
9182
1344
6247
5130
9942
4489
2191
8567
974
5713
7996
3245
9048
9270
3212
9807
4528
9766
6303
9036
2628
9606
2367
2700
5617
7875
3776
1759
1321
1199
1682
7284
8263
4692
1326
8286
4329
9455
7265
8790
2540
8222
827
5504
4953
1023
1232
1990
6415
4652
7303
8992
9409
702
8919
3478
5717
7883
8922
2207
6730
7385
8385
7509
6853
8101
6767
3824
5670
9462
5667
1486
4505
6477
7743
3766
5571
4609
4846
1801
6834
1626
5677
8173
6283
2296
6578
5601
970
3203
2176
4009
1653
4188
531
3629
7083
8341
9336
7155
2520
733
2490
228
9810
959
3435
8629
420
9804
1376
2373
8836
2329
5952
6725
9628
7345
4533
8516
6437
9332
4557
1934
4535
1734
5227
6032
3228
7003
4163
1987
3917
7320
8949
1517
8312
4844
6481
191
74
264
188
3056
4017
3530
9085
5518
952
7337
1864
1480
8812
8546
9326
1871
2969
9337
9715
3818
851
2525
1175
7542
352
1772
4644
284
7503
4529
1891
3678
9157
3266
2850
7673
7112
9436
9673
8864
1765
2920
465
1845
3289
5448
5785
946
4658
5553
7567
1254
9250
4091
842
7066
8103
7775
7381
473
8600
4812
5948
2558
9921
6143
3302
6525
9739
1352
1629
3959
5929
2952
5557
3696
3169
8569
4312
6220
4732
6768
761
8834
3060
616
2560
6229
5151
2926
5718
2724
4933
35
4890
4943
837
8635
4426
7335
4166
9361
1182
7532
7774
3316
7432
2058
8199
6902
6851
6189
1206
5142
5826
1999
4779
5073
9489
4202
8858
6897
3452
6686
5859
8012
6738
8403
2049
205
6536
7845
173
3226
2044
1045
1073
7699
7612
237
6930
6101
9777
5622
602
1129
5152
2572
6052
2459
6921
9577
7319
6912
5295
6766
774
1157
2078
2642
6115
12
3493
8030
4384
1581
7299
1677
3336
9373
1076
3545
2131
7059
4689
596
5730
3940
6335
3314
1835
6501
9239
7864
5091
8458
3356
9696
1787
7519
4729
6069
9264
5888
5425
28
3610
8050
5796
9396
1220
1727
8645
5495
3030
6402
3836
9808
2022
9481
2679
8688
5890
6219
154
8898
576
4611
7390
7857
3171
4682
5604
9554
1459
2070
2306
7437
1291
7975
3254
8538
2056
3769
6584
9124
4591
9350
532
64
6811
6817
7369
9699
7792
8158
877
7464
1685
6929
253
9392
8631
6675
1952
4276
3854
7566
7009
4285
1428
783
2838
4485
9901
1119
3953
4752
1178
540
5870
6636
1039
265
5257
1148
5220
2414
5955
4706
5372
9225
790
686
9223
8292
3609
9869
999
3092
535
7810
6315
4859
6762
502
8918
1995
4253
526
3908
1101
6347
4677
3351
2313
5127
8514
9135
2016
977
9607
4042
3767
4886
6232
4588
200
32
9101
7264
4799
5523
9255
550
9597
3423
2164
8795
8093
4867
4280
9732
1126
1949
8332
386
1941
2860
9438
4220
2753
242
4741
7754
1919
8476
3685
9708
2511
3596
9247
1722
2849
480
629
8509
2929
8627
8276
7549
1024
2880
8492
3903
5253
6148
220
3216
4978
439
4733
2810
2057
6070
3829
9614
5392
3577
2514
2867
3755
5400
7803
1282
9852
8974
7398
9142
9426
1978
7992
989
4513
3869
8348
8656
6492
4193
7447
5783
1228
6102
9964
3276
3154
7570
1550
3047
7704
9774
7573
7970
4536
9731
1453
4454
1471
2549
9926
1789
7098
1511
3550
6129
2532
1270
6447
1251
6624
69
3373
2286
367
2440
4922
8623
8420
108
3295
6367
2828
1669
9487
3178
8844
5749
2412
9771
4051
1399
8018
6575
1385
5502
2727
6213
3217
2780
9358
3187
8097
8453
674
4142
5247
3237
2575
1766
3947
7101
9220
7979
2456
2823
2052
4128
7753
5786
3328
4562
4204
9719
7029
3915
1959
5237
3942
5979
7595
9541
2602
1319
7144
1660
8279
7889
9200
3552
7972
1794
8658
4808
593
3822
5245
1966
1044
3489
6889
7116
6306
5768
4249
416
8582
7739
9709
6792
940
7780
7905
2276
1193
7076
5573
4697
7154
1606
1998
8913
2447
9393
6567
853
2404
1479
3830
3848
8141
2556
6592
1743
5737
6660
4261
8302
7327
6814
4888
8799
5505
8036
8622
2750
7812
8047
8388
8902
6207
3890
396
3747
3062
1342
8297
7952
2232
1464
3803
5974
5882
835
6227
7405
7375
1279
2331
6790
9934
3205
4230
9602
3186
4046
287
2222
3729
3016
4112
6279
3071
9970
7218
5845
9908
6409
9714
4727
668
8910
8323
9723
9081
8903
3406
3057
6290
4099
8383
8888
3941
1365
9574
4494
4308
146
3804
544
8824
2350
8002
8574
3946
3477
5205
9540
2763
3110
9795
6969
4552
4196
7632
4301
9543
6172
6243
5605
103
2294
1547
2571
1634
324
9789
219
6663
1296
2266
6995
87
2017
8314
832
8289
54
720
9243
6748
8143
5328
9967
8180
3718
7702
2215
9523
9506
2477
906
9631
6486
9629
9835
2261
868
8518
4207
9772
6275
1374
9910
8937
3412
8610
2896
4995
5812
5324
5725
4072
389
6225
4062
3556
8850
3158
9759
5899
794
6126
7656
7436
1060
8095
6634
5356
5824
3699
5273
127
8632
3101
3079
9309
710
4390
6856
4237
9564
5629
7613
3936
5837
663
3112
5628
2590
9354
9503
6716
7600
5907
1768
9333
4986
905
7113
2192
4430
9294
5904
5497
3601
1022
6829
9052
6175
3827
9505
1230
2140
9454
5769
83
823
3910
4675
2135
1958
6021
8171
1476
9112
9444
7892
5846
984
4105
8380
269
6381
6473
4447
1899
684
4685
7270
7159
4372
8431
9372
1826
9168
9850
2006
1408
5695
1071
5607
5747
2274
1883
7597
2392
9429
2021
9012
3811
47
711
309
8702
9404
8470
3966
8649
3970
7226
3236
1646
2272
3727
8165
4700
9283
4002
4575
3176
8410
1885
4321
4720
1573
5056
1973
8232
2634
6965
1676
1209
6295
9743
7497
301
5384
7831
7508
7834
1354
1869
2934
3905
3024
7245
5838
8734
6159
5053
893
8953
4289
2338
9111
8442
115
8943
1529
6298
2187
8879
121
8109
934
3192
2935
476
3835
9601
5058
9903
6001
91
9494
6092
4111
5832
317
8685
2876
6356
2210
1184
4829
4902
7977
9702
6989
6081
8421
4898
1478
303
6399
7274
5583
4625
6066
763
1714
9834
5742
5100
4958
8796
409
3031
6813
7356
9134
9820
8762
372
9355
8854
3647
2127
3362
9957
2352
8578
4532
6037
1221
5989
6956
1703
4555
5871
7590
9595
9561
7587
2639
4524
6681
8080
385
5524
2629
6724
759
2229
2796
1527
6278
4624
7837
3152
6535
981
6249
2797
7493
7485
9735
7745
5097
9775
1797
5773
6591
7987
311
3482
8368
655
1870
4247
2529
3810
7124
5002
7394
7125
7976
7179
7709
3409
1924
110
5282
4381
6646
8657
2975
7440
6879
1083
1617
2464
9284
4656
5767
6532
817
886
4870
8995
2214
9611
4459
5219
7638
2843
2126
9227
6975
9237
1967
4177
8872
6872
5406
2604
2640
2337
7912
9476
7506
6546
9880
4760
3054
7289
1937
9985
5494
4282
4302
5584
3067
7846
1269
9647
243
3250
8426
6505
1513
7406
2002
3635
5908
4262
210
7887
5489
193
9751
8034
5029
6949
6427
2977
2942
4068
1583
5946
8008
7790
8181
3348
5173
2807
9609
6385
6837
4693
2444
6442
339
4940
1902
4434
9641
8767
880
1105
6058
8859
9251
9548
6196
9015
3569
7974
9129
792
657
7261
1649
1482
7533
7914
8268
5687
8758
4803
6410
685
1957
5270
564
2589
3103
5943
4481
9518
6025
8174
907
6885
3733
7075
104
8467
2749
8079
7389
2968
7777
8988
3252
1465
8601
9560
2802
7102
1833
9260
9138
7022
7548
3852
3042
8226
2722
2637
1091
3558
5852
549
4387
4026
6754
7131
5509
9007
6904
3193
3125
2842
1092
4608
9000
2773
3608
6522
9185
4952
3389
2914
3140
2666
5966
241
4055
5802
6238
8650
4963
9055
1798
4931
5562
2383
766
21
6269
8533
8684
4468
4564
3932
5614
3928
7488
8100
5891
2323
1620
9588
9104
2879
5366
7808
8704
7387
6110
7298
4845
9608
1440
8225
615
6509
4080
4947
8411
7856
7047
6678
992
3335
4317
392
8245
4577
1641
258
6282
4764
1136
9582
7141
66
8647
9983
5867
6676
401
5317
621
4316
7928
6653
773
5379
198
451
9411
9779
6380
1256
4717
3147
1324
2940
628
8750
2400
9828
9946
9979
7001
3396
2898
5930
7171
9005
756
7823
399
5918
7011
577
8980
2923
9784
9008
3969
6776
4281
9045
9618
8214
7755
875
8742
1078
179
7254
2611
9033
147
6133
1730
2906
3013
7510
1318
8552
1487
4185
6934
7937
71
509
3496
3677
371
5115
3588
1853
2678
5862
7170
2422
4956
2686
1239
4565
3756
6847
9840
8155
8686
8726
5703
6910
4365
4955
632
1416
2626
4864
738
3987
7648
4300
7347
7817
9278
1475
8570
4633
706
9773
7657
5956
7971
7330
2117
70
2320
8554
7297
2790
4410
6078
5296
1558
7950
2370
4650
3121
4509
2177
1749
9320
5340
4246
1642
6734
2138
4594
2406
6626
5982
6497
1210
3799
4944
5157
2699
9648
2396
5252
732
1793
5360
94
5734
5427
3603
1499
1750
2901
5193
2200
8307
7479
1170
2752
4449
3950
5423
8997
2446
7616
7099
4512
7661
5506
4223
2168
1948
6780
8166
4855
7636
4216
3845
737
9720
8357
6556
1742
2714
960
8983
3518
2390
1191
5021
8456
9201
5648
6841
354
7054
7809
8548
6138
6084
8590
6121
8874
5198
9909
9121
8397
9170
5944
2740
6239
5560
8262
7629
7196
6432
5185
3918
7259
4516
2946
8900
8358
1037
9867
4501
902
8191
3146
5148
7248
5800
8229
7543
9971
3937
2794
2431
222
2372
8172
6378
5618
9406
2436
6349
3055
4560
9106
7749
5868
379
4858
1107
3825
7654
2362
4684
327
9621
5385
6903
3248
7471
6164
5076
7604
2255
5478
1773
4147
4626
2481
5233
8098
8216
7450
5674
9189
7137
8324
461
3661
4134
7227
8981
2275
6977
3522
2647
2494
2717
882
9113
8003
8058
7364
8714
5807
4731
3834
4028
2112
7203
6299
7708
4796
9069
5031
8127
5375
48
5289
9610
822
2957
5547
7726
3168
4571
1608
1431
1983
1692
2438
9217
4259
7811
1839
5408
116
4021
809
9552
6331
9780
525
8524
9535
8532
9446
4254
6097
527
5519
8182
4416
5446
9026
4701
869
9813
2285
3378
6261
3725
5696
3352
5342
8260
2793
8713
1601
8490
7279
6334
5540
7926
7692
3604
7748
1120
5680
831
9236
8820
1784
5312
3022
6895
408
9860
239
7906
8754
4783
3234
1290
2429
3385
7283
2182
155
7460
1726
8449
5169
4735
3781
922
5014
4884
6566
3383
1599
3689
4408
3353
640
3751
9254
2821
9046
2317
6475
727
2606
6033
2071
6118
4225
9472
9999
4359
7244
7458
3155
358
7402
7694
2847
2263
2334
3429
3891
1098
2953
4841
9261
4069
5287
5722
6457
4460
7483
2633
7037
5480
6821
9975
2713
2909
7316
4938
2832
7949
6333
1048
1940
52
4878
9120
9074
3281
1655
27
8528
7173
6914
7853
512
6462
7732
6706
7383
4256
6684
277
7169
184
3415
5766
2208
3156
5353
8769
4155
9951
2046
7336
3768
3676
7407
5954
3283
6150
2895
7631
3525
4546
1732
163
7048
1072
8495
8633
5338
5259
1643
4840
2676
6076
9778
1592
3136
8121
2028
5596
5243
1648
9242
7915
7985
8246
5335
434
3377
4712
9034
9195
7321
1812
397
1145
9308
8015
5753
1868
9369
5051
2098
7605
3325
4906
2163
435
293
4025
830
767
3
9316
8694
1622
4121
3972
102
5636
8933
1278
9335
599
1572
1084
5171
9520
6606
8283
9954
6812
7752
1805
4960
8250
3761
4549
7486
1908
8506
6759
5449
1417
215
6869
1050
785
2277
2235
7904
6555
2978
2371
5110
3393
4647
6234
4445
9547
9401
3014
3655
6698
4951
6775
6291
3858
5585
8016
3390
5403
998
6650
1380
6049
2961
903
6500
752
6516
6740
8549
6252
3855
1423
2608
7502
8579
5861
6880
8290
341
3838
3543
2473
8164
7852
4326
1887
8780
1819
5874
1661
9418
8350
6846
862
5529
4959
7874
7061
2469
283
7092
2801
9717
951
9878
7715
5959
6116
6450
6808
160
7982
2246
9578
1077
1579
5510
6955
9753
4974
4725
1519
8428
1466
4288
3597
1896
7994
5482
2280
8391
9356
2488
5413
9443
4232
1840
9117
3375
3906
9912
4360
3515
2577
2419
8966
2852
1021
6918
7014
8139
7931
112
801
3719
5983
223
994
2165
2499
7294
6908
1516
2204
7957
8277
3923
3794
4268
1418
6539
9445
1955
4769
7361
6761
9095
1128
7423
5161
5462
9480
5189
3331
1953
3366
8462
3788
2491
3023
1299
3863
4135
3707
962
3919
5025
30
9551
1143
3999
6818
8244
8463
9525
4837
5655
7520
4871
6596
9353
8741
7626
9001
3551
5371
3141
2765
1468
4054
4746
6152
3111
9186
8666
6022
4816
884
6541
2680
6688
2770
5541
6574
6135
8013
1888
2824
1051
7980
1227
3753
7013
1498
2129
8023
6647
6568
6043
9018
5175
6182
9793
9161
3243
5632
7235
5813
626
8861
6485
2687
4819
6417
8051
6915
2702
2137
6173
4470
6727
2545
8446
9917
4377
7132
5646
4201
4364
2060
2330
2245
5760
1146
2014
1580
9984
2882
7128
6513
2300
5434
6379
9895
5250
9855
5828
5421
7454
6693
4599
4260
2776
349
7667
9334
4664
3026
4629
3185
6797
118
7984
137
2358
4782
9084
7782
565
457
5746
3029
2009
6444
9130
2435
6436
1190
7523
9674
1420
718
6999
9945
9861
8147
6720
9178
1603
7060
5679
3916
3441
8223
3130
9744
4540
5910
8123
6296
4327
2669
7209
9108
4083
3893
4345
8875
2433
3930
9812
1956
2188
9244
4353
1931
1195
1548
8330
9499
6909
1095
1707
316
9014
1340
6760
3144
5637
8522
6945
2161
662
2318
3744
598
1920
2365
7152
4787
5341
3964
5885
7576
437
2588
6959
4376
1832
5631
4035
9328
4582
8377
1141
6237
6134
8994
7625
479
1559
7500
9377
8378
1463
1013
9667
2785
6248
6804
1778
2377
1528
1489
8220
9695
1576
4726
5992
7894
4568
320
9210
7669
9184
1763
750
4117
5714
3256
9809
1594
6901
285
3859
7776
9924
6705
9728
3162
3310
9229
6968
5040
7705
1154
2991
2561
1313
414
2004
2279
6958
6336
1963
8690
7175
4748
5656
7939
9408
5225
7659
4307
9705
7522
5007
4750
1656
9387
7459
8335
8148
2955
2455
3232
8009
9306
101
5558
9752
6012
5933
9321
2907
6946
1830
8662
16
5334
4084
3262
6631
2442
4413
6193
7162
5415
834
7884
5280
2101
8004
3815
5652
6550
3839
3921
6394
8887
7308
2854
533
4563
2248
5967
5084
8371
1746
1192
438
1851
2661
2944
9684
2621
2541
7684
4636
8566
7271
1586
8626
894
5077
84
8832
1144
6849
448
2681
9650
5701
6842
3048
6936
5108
6109
9851
3064
7278
928
7991
4438
7352
2825
9875
3011
8680
6828
9280
470
8041
7023
9163
6890
1359
131
5329
9056
92
2297
1368
1477
8215
8884
1681
1064
8389
9177
2450
8789
5738
7472
4401
3131
1740
5226
9534
4849
7205
7920
2659
1667
9352
4909
1168
4045
6443
590
359
7256
5683
7400
4879
2892
8032
271
6581
4493
5615
4991
5032
8911
5926
8077
4457
6388
6641
1249
2715
3448
2015
3255
77
1927
4554
279
8576
6673
93
7491
4705
3784
1647
286
6482
343
3675
167
8818
2775
1208
6580
3730
1556
1989
8052
1401
260
7983
5561
1263
4526
9655
2083
2548
8356
9566
3312
1500
829
4429
6907
238
3400
2831
4861
8607
9996
4392
847
95
134
2995
4862
2845
1237
4211
2710
2638
5542
4222
1167
4826
3684
2325
9483
8564
1982
3881
4475
7594
2458
5428
9100
1294
7547
5111
7861
3868
8513
9502
9323
5242
3911
4114
4181
8346
4865
7126
4304
6368
2476
6184
600
3619
4942
613
2399
1058
423
5598
8177
6656
1960
9423
4711
9303
2030
8088
5437
3411
6502
7198
3520
5626
6721
4052
2565
7040
2916
2650
8102
9947
5251
697
6874
591
9292
2936
7309
6662
3952
8306
463
562
8924
5404
2990
3189
6055
5770
4917
3145
898
1628
6044
2482
8882
4851
2345
5147
9415
5391
8813
2743
7018
335
7734
6743
6632
7847
2068
2025
2363
7555
6087
2574
1133
7030
294
1068
1848
900
7902
3117
2136
1996
9755
580
2
8412
5370
5942
4791
4348
2376
7163
1436
9188
7373
1033
667
5066
353
2959
3204
5498
3374
8320
5302
945
3069
4497
5534
1470
7239
1562
3617
6884
7763
7787
7019
8486
5853
6860
4590
6788
2873
938
9937
1031
4350
9966
6094
2066
5818
6922
2550
1849
4226
579
8840
8831
6630
6390
2314
1715
8319
1314
3867
4990
8255
9886
9213
8814
9148
5650
6327
9165
4127
3363
4482
9136
4102
393
930
6046
5684
4242
8929
845
2332
4347
8083
9456
5096
2956
3728
2888
4395
6664
2402
3494
3330
9724
1262
6095
78
7835
6439
7998
1697
2308
8317
5368
664
7598
8693
9710
6266
4610
8697
2645
8328
297
1011
3268
278
3275
5707
5865
9961
9382
2533
5905
5264
4229
3754
7786
890
1976
5945
2012
9516
3537
9644
8909
3267
5810
214
3466
4928
6569
6165
7589
6256
9065
7911
4667
1810
4616
5172
9433
1372
9159
3711
3716
9682
4270
5158
1275
6745
1388
9616
398
6106
883
3846
5327
986
6317
5994
8917
5795
3758
8781
5969
990
4967
211
8078
3425
3805
8876
3263
2516
9736
2670
2504
7621
7524
8772
2971
233
681
6599
5337
2170
3771
811
8849
5990
7722
4948
7603
3490
8211
6838
9524
3723
7932
6265
9762
1630
5841
9940
2253
5065
6861
3329
9315
8968
2189
638
5308
1688
7242
9288
7714
4897
6421
2688
3371
1951
1099
4356
8243
9571
8539
1303
2668
4305
8613
695
8895
3660
1906
6605
7317
6799
4148
1311
26
1202
1097
2523
2401
2526
1334
9075
1194
4635
3571
9079
3246
2234
4342
9651
5857
8811
8069
3570
3485
3993
8224
2355
7622
8605
7043
5217
5820
6483
8021
5095
7968
5984
5947
1894
8871
1644
7214
4638
5082
1862
5660
2979
9473
7721
8497
6158
8434
1020
4143
4060
1490
5991
3208
5895
6208
144
7207
7307
975
1537
4103
4655
9301
5745
194
291
7005
897
1439
1066
9368
588
261
4157
5513
9690
1245
8945
1753
8766
5729
4087
2597
3218
850
2123
6015
6991
7981
3853
2162
1877
3962
8298
4977
3355
3106
541
2983
2667
3253
991
2292
7371
2203
7425
2751
5036
1040
9252
8986
9556
8810
7596
3172
8178
8865
9750
908
5563
9844
7516
7552
4699
2287
9004
7505
4604
3888
8026
8419
2819
5188
5060
3034
2513
7253
4768
406
8144
7697
2238
6329
6787
9944
2739
8321
2094
5533
3231
8827
8860
2635
6093
8466
8808
5159
4949
6274
8084
1308
9474
9133
8039
1284
552
8017
8020
741
9479
8868
8295
7041
8556
4759
8960
730
2472
8043
6488
6141
5801
1197
1398
601
2913
6286
3701
3621
7517
9282
1298
361
7343
4369
9343
5313
4354
29
3439
5599
6982
481
2601
5592
1198
8198
7434
6563
4352
965
2496
3865
3789
2347
8571
3599
4969
2960
8167
6833
4396
7881
6149
8493
4162
7679
9391
3627
6337
2252
6855
860
9806
987
3416
8637
5658
7255
469
9837
9107
748
7262
7955
9764
2988
4814
7731
5103
9122
1152
8451
3593
7172
5240
3553
6971
1777
1563
2792
1257
6128
7896
325
7064
3636
4349
9521
7212
1602
1153
9049
9003
3318
1744
637
2911
5589
3388
